0.001278	8.25350095043382	2.87289069587302	0.0002847	0.001309	0.9969
0.001562	8.19677005749496	1.43150009234151	0.0002905	0.001586	1
0.001846	8.13923953324266	0.950978416231448	0.0002956	0.001866	1
0.00213	8.18511541288986	0.715241017633648	0.0003017	0.002147	1
0.002414	7.99002878049181	0.565332779183794	0.0003087	0.002429	1
0.002698	8.03580554206497	0.944916547876936	0.0003165	0.002712	1
0.002982	7.72545665803617	0.794134449010364	0.0003249	0.002994	1
0.003266	7.92296225147146	0.703693925451232	0.000334	0.003277	1
0.00355	7.65731049561848	0.614929906499176	0.0003437	0.00356	1
0.003834	7.64842105381554	0.553115577571832	0.0003539	0.003843	1
0.004118	7.48069764282306	0.248644218636484	0.0003646	0.004127	1
0.004402	7.35825047835826	0.56512698603536	0.0003757	0.00441	1
0.004686	7.2765967300232	0.518753225199325	0.0003872	0.004694	1
0.00497	6.87764363253542	0.468308248735168	0.000399	0.004977	1
0.005253	6.93992131676103	0.439062173424506	0.0004112	0.005261	1
0.005537	6.57973311615515	0.400796725948618	0.0004237	0.005544	1
0.005821	6.78529847561663	0.766135455355641	0.0004365	0.005828	1
0.006105	6.42609521021349	0.704159555640924	0.0004495	0.006111	1
0.006389	6.34168355800497	0.662702619305743	0.0004628	0.006395	1
0.006673	6.27722652546795	0.626359846926467	0.0004762	0.006679	1
0.006957	6.00598533386071	0.58350266414336	0.0004899	0.006963	1
0.007241	5.88771513881816	0.551468509981248	0.0005037	0.007246	1
0.007525	5.6178889287532	0.515262744690358	0.0005177	0.00753	1
0.007809	5.40812500171794	0.4844869942981	0.0005318	0.007814	1
0.008093	5.49018306351418	0.468622793449665	0.0005461	0.008098	1
0.008377	5.29488337082762	0.442511799512874	0.0005605	0.008381	1
0.008661	4.88287816676534	0.40920806478719	0.000575	0.008665	1
0.008945	4.86773889398961	0.393981301272306	0.0005896	0.008949	1
0.009229	4.78104225836506	0.376993009802706	0.0006044	0.009233	1
0.009513	4.49370623082846	0.353306061480083	0.0006192	0.009517	1
0.009797	4.31252678938098	0.334945550942656	0.0006341	0.0098	1
0.01008	4.29952580049147	0.323989030082133	0.0006491	0.01008	1
0.01036	3.93413118725166	0.300524915247275	0.0006641	0.01037	1
0.01065	3.84512760384712	0.288367601830756	0.0006793	0.01065	1
0.01093	3.75204446503177	0.276717068539432	0.0006945	0.01094	1
0.01122	3.48028990629347	0.259104654450324	0.0007097	0.01122	1
0.0115	3.41178296777792	0.249608274833171	0.0007251	0.0115	1
0.01178	3.21880791191401	0.236066269919116	0.0007404	0.01179	1
0.01207	3.20471239151201	0.229509109090875	0.0007558	0.01207	1
0.01235	2.942677748107	0.214427936179435	0.0007713	0.01235	1
0.01264	2.92141068412453	0.208440667005214	0.0007868	0.01264	1
0.01292	2.77148660371879	0.198187886262811	0.0008024	0.01292	1
0.0132	2.69627500957465	0.190934163117583	0.000818	0.01321	1
0.01349	2.45978221862142	0.178223782549026	0.0008336	0.01349	1
0.01377	2.37473459816688	0.171224154512382	0.0008493	0.01377	1
0.01406	2.30086201661575	0.164876006592251	0.000865	0.01406	1
0.01434	2.16401473107832	0.156495643707107	0.0008807	0.01434	1
0.01462	2.07175351272876	0.149933199561752	0.0008965	0.01463	1
0.01491	1.93723517902578	0.142025098056597	0.0009123	0.01491	1
0.01519	1.90522992230943	0.138030066373578	0.0009281	0.01519	1
0.01547	1.8373479541055	0.132890988925423	0.000944	0.01548	1
0.01576	1.69656576452489	0.125242581352537	0.0009598	0.01576	1
0.01604	1.66059314323729	0.121569814748286	0.0009757	0.01604	1
0.01633	1.50807008480041	0.113706949103175	0.0009916	0.01633	1
0.01661	1.49296175350381	0.111078921890975	0.001008	0.01661	1
0.01689	1.35338964958597	0.103870782349555	0.001024	0.0169	1
0.01718	1.31967422091416	0.100769363456994	0.001039	0.01718	1
0.01746	1.28813571847179	0.0978414369180012	0.001055	0.01746	1
0.01774	1.17778109601357	0.0919708673887799	0.001071	0.01775	1
0.01803	1.1764811198749	0.0903880953273663	0.001088	0.01803	1
0.01831	1.10124540048318	0.0860165902950558	0.001104	0.01831	1
0.0186	1.02019831082603	0.0814555377059047	0.00112	0.0186	1
0.01888	0.968194066365666	0.0780927404090549	0.001136	0.01888	1
0.01916	0.939480209857938	0.0757240525873134	0.001152	0.01917	1
0.01945	0.930781931198086	0.0742131079507162	0.001168	0.01945	1
0.01973	0.84149099462706	0.0694945592893175	0.001184	0.01973	1
0.02002	0.826913746928091	0.0678617894782974	0.0012	0.02002	1
0.0203	0.786949075135007	0.0652280516294316	0.001216	0.0203	1
0.02058	0.773828274227254	0.063744572161748	0.001232	0.02058	1
0.02087	0.757214440728103	0.0621557638783938	0.001249	0.02087	1
0.02115	0.698487106478354	0.0588560148365127	0.001265	0.02115	1
0.02143	0.694486286243882	0.05787211375242	0.001281	0.02144	1
0.02172	0.648025426216453	0.0551370044336077	0.001297	0.02172	1
0.022	0.627029775821226	0.0535035214455348	0.001313	0.022	1
0.02228	0.613756133977432	0.0522283930434366	0.001329	0.02229	1
0.02257	0.613129455734189	0.0515148574589478	0.001346	0.02257	1
0.02285	0.573378601425644	0.0491699786428373	0.001362	0.02285	1
0.02314	0.565336428082871	0.0481979855286404	0.001378	0.02314	1
0.02342	0.56792486797621	0.047696702575057	0.001394	0.02342	1
0.0237	0.560723166788518	0.0468009067248451	0.001411	0.0237	1
0.02399	0.523499922444651	0.0446625274667588	0.001427	0.02399	1
0.02427	0.524493579365692	0.0441597127778341	0.001443	0.02427	1
0.02455	0.508571823797833	0.0429603746080423	0.001459	0.02456	1
0.02484	0.518195670296349	0.0428486958563993	0.001476	0.02484	1
0.02512	0.496865147796253	0.0414639188544576	0.001492	0.02512	1
0.02541	0.496613303772358	0.0409713928122578	0.001508	0.02541	1
0.02569	0.497365509400913	0.0405311180851288	0.001524	0.02569	1
0.02597	0.492103521738772	0.0398580060478338	0.001541	0.02597	1
0.02626	0.489423087531	0.0393026852977833	0.001557	0.02626	1
0.02654	0.464627238955868	0.037868650466255	0.001573	0.02654	1
0.02682	0.472810947402308	0.037780906483377	0.00159	0.02682	1
0.02711	0.475549424030599	0.0374783106790704	0.001606	0.02711	1
0.02739	0.475160751508787	0.0370601639323171	0.001622	0.02739	1
0.02767	0.450172947122693	0.0356887919170732	0.001639	0.02767	1
0.02796	0.467891309109804	0.0360013584350429	0.001655	0.02796	1
0.02824	0.458567168536533	0.0352695769326908	0.001671	0.02824	1
0.02852	0.444512092770764	0.0343668763392231	0.001688	0.02853	1
0.02881	0.461484817477656	0.0346595274683541	0.001704	0.02881	1
0.02909	0.453668662617404	0.0340176415298751	0.00172	0.02909	1
0.02937	0.436169505892857	0.033021565146615	0.001737	0.02938	1
