0.003346	24.1517097808035	2.43805392734428	0.001065	0.003562	0.8902
0.00374	17.0646510443862	1.11429331022023	0.001074	0.003889	0.9956
0.004134	13.3748765735388	0.645175244779025	0.001075	0.004266	1
0.004527	12.5938697631331	0.437495220958028	0.001075	0.004648	1
0.004921	11.3483729209467	0.311844909493966	0.001076	0.005032	1
0.005315	7.23938876514368	0.242065183121125	0.001077	0.005417	1
0.005708	6.97790924150595	0.187845521331908	0.001079	0.005804	1
0.006102	5.75991806395642	0.154536712118313	0.001082	0.006191	1
0.006496	6.10991556817466	0.12715345881883	0.001085	0.00658	1
0.006889	5.16889741503668	0.107696120526007	0.001088	0.006969	1
0.007283	4.08922971374447	0.093193586709527	0.001092	0.007358	1
0.007677	4.02066059403565	0.0799462979927947	0.001096	0.007748	1
0.00807	3.52813123850402	0.0701568151725939	0.0011	0.008138	1
0.008464	2.82256110365456	0.0621907202945903	0.001105	0.008528	1
0.008858	2.92806636613017	0.0551854792049241	0.00111	0.008919	1
0.009251	2.52265867646322	0.0494931555740035	0.001115	0.00931	1
0.009645	2.54396751339042	0.0451388413751572	0.00112	0.009701	1
0.01004	2.47423493456337	0.0406627495964642	0.001125	0.01009	1
0.01043	1.97821794803054	0.0367124068663578	0.001131	0.01048	1
0.01083	2.06921867961393	0.0342071331693952	0.001137	0.01088	1
0.01122	1.87952144267097	0.0310313414617793	0.001143	0.01127	1
0.01161	1.61801532124942	0.0285666521489289	0.00115	0.01166	1
0.01201	1.50318439441186	0.0265292691240518	0.001156	0.01205	1
0.0124	1.48417472326525	0.0243670414253421	0.001163	0.01244	1
0.01279	1.15399788804232	0.023218555535129	0.00117	0.01284	1
0.01319	1.26580428912772	0.0212523339552891	0.001177	0.01323	1
0.01358	1.15354629064349	0.0200435529594683	0.001185	0.01362	1
0.01397	1.16445225529213	0.018601329532294	0.001192	0.01401	1
0.01437	1.12169012829642	0.0177154867585603	0.0012	0.01441	1
0.01476	1.11601811295109	0.0165997918205941	0.001208	0.0148	1
0.01516	0.908833696979389	0.0157381056574126	0.001216	0.01519	1
0.01555	0.884918807174627	0.014587183712005	0.001224	0.01558	1
0.01594	0.922838142439785	0.0138101534243273	0.001232	0.01598	1
0.01634	0.72287272244997	0.013269400102058	0.001241	0.01637	1
0.01673	0.767769918619613	0.0125205670911797	0.00125	0.01676	1
0.01712	0.748687985969471	0.0119408966134658	0.001258	0.01716	1
0.01752	0.707237397674776	0.0111234821024152	0.001267	0.01755	1
0.01791	0.596870567507908	0.0107521204715252	0.001276	0.01794	1
0.0183	0.687975213007246	0.010286498672652	0.001286	0.01833	1
0.0187	0.587497767942724	0.00975891461513084	0.001295	0.01873	1
0.01909	0.566524154238732	0.00914549182320657	0.001305	0.01912	1
0.01948	0.486269775319563	0.00890675390600223	0.001314	0.01951	1
0.01988	0.590472862398558	0.00850942685114278	0.001324	0.01991	1
0.02027	0.464304928729982	0.00808508009317407	0.001334	0.0203	1
0.02067	0.42219649828301	0.00766824890444117	0.001344	0.02069	1
0.02106	0.521049304340529	0.00743957045066502	0.001354	0.02108	1
0.02145	0.447919840950986	0.00714287591051725	0.001364	0.02148	1
0.0216	0.514141558102339	0.00701585839788746	0.002347	0.0217	1
0.02185	0.391556682611667	0.00678867005784991	0.001375	0.02187	1
0.02224	0.384078158380171	0.00648159571304955	0.001385	0.02226	1
0.02263	0.452518365536541	0.00629553208274739	0.001396	0.02266	1
0.0229	0.416575379464638	0.00603687846329655	0.002367	0.02301	1
0.02303	0.419069661348909	0.00588163449339655	0.001406	0.02305	1
0.02342	0.426115585503262	0.00569229137459259	0.001417	0.02344	1
0.02381	0.369568460457624	0.0054695830684095	0.001428	0.02384	1
0.02421	0.328953280058659	0.00536866798488733	0.002388	0.02431	1
0.02421	0.366025081763729	0.00522948095964979	0.001439	0.02423	1
0.0246	0.335307861418541	0.00496651500165727	0.00145	0.02462	1
0.02499	0.288460992909998	0.00476712692692618	0.001461	0.02502	1
0.02539	0.341660355439849	0.00463889819656767	0.001472	0.02541	1
0.02552	0.283514817631436	0.00455522846818076	0.00241	0.02561	1
0.02578	0.334652548957738	0.00448365054532453	0.001484	0.0258	1
0.02617	0.276587788036817	0.00435347685551375	0.001495	0.02619	1
0.02657	0.260273232624493	0.00418891155557016	0.001507	0.02659	1
0.02683	0.287241443817207	0.00411956701926956	0.002433	0.02692	1
0.02696	0.239264167013717	0.00392414829466212	0.001518	0.02698	1
0.02735	0.290144663323623	0.00390603157139794	0.00153	0.02737	1
0.02775	0.231861380114277	0.00375234257544745	0.001542	0.02777	1
0.02814	0.257591282927739	0.00368748246195564	0.001553	0.02816	1
0.02814	0.249549237896272	0.00362980541564882	0.002457	0.02822	1
0.02853	0.247877033436584	0.00350023016436297	0.001565	0.02855	1
0.02893	0.24575909007362	0.00339218731491971	0.001577	0.02895	1
0.02932	0.263175660539361	0.00329207382716455	0.001589	0.02934	1
0.02944	0.218452720182979	0.00322853013595355	0.002482	0.02952	1
0.02971	0.234750596569066	0.00316632402360267	0.001601	0.02973	1
0.03011	0.235265969651645	0.00305984345164327	0.001614	0.03013	1
0.0305	0.211986372489566	0.00295430064773167	0.001626	0.03052	1
0.03075	0.235729973508618	0.00296232759923853	0.002508	0.03083	1
0.03089	0.214084530788156	0.00283565795958769	0.001638	0.03091	1
0.03206	0.201920573403705	0.00274534838294347	0.002535	0.03213	1
0.03337	0.182779354053536	0.00261339394229098	0.002563	0.03344	1
0.03467	0.158898069018986	0.00240226182221172	0.002592	0.03474	1
0.03598	0.130095653092032	0.00227463022755834	0.002621	0.03605	1
0.03729	0.122441062435564	0.00220865176545832	0.002651	0.03735	1
0.0386	0.111268765303648	0.00205411211731434	0.002682	0.03866	1
0.0399	0.130039903798152	0.00198157951615611	0.002713	0.03996	1
0.04121	0.102319867050612	0.00190357931553449	0.002746	0.04127	1
0.04252	0.101367297135456	0.00177618167707972	0.002779	0.04257	1
0.04382	0.0940532115895391	0.00170299945231778	0.002812	0.04388	1
0.04513	0.0803374173106922	0.00163044427556693	0.002846	0.04518	1
0.04644	0.0832530532289783	0.00157826225828206	0.002881	0.04649	1
0.04774	0.0802238054232176	0.00149339983845099	0.002916	0.04779	1
0.04905	0.0671902810160976	0.00140542666374608	0.002952	0.04909	1
0.05035	0.0687045437829259	0.00135601592339415	0.002988	0.0504	1
0.05166	0.0669769315970503	0.00128666585027844	0.003025	0.0517	1
0.05296	0.0592864370718028	0.0012488917719406	0.003062	0.05301	1
0.05427	0.0575909867218523	0.00118153140985698	0.0031	0.05431	1
0.05492	0.0475741196179187	0.00117275593765558	0.005947	0.05519	1
0.05557	0.0489273296734082	0.00113779196236877	0.003138	0.05562	1
0.05688	0.0474802831702264	0.00109968849198264	0.003177	0.05692	1
0.05818	0.0411499672238401	0.0010515458742429	0.003216	0.05822	1
0.05949	0.0450124174271208	0.00101502789140774	0.003255	0.05953	1
0.06014	0.0423816365790435	0.000983277622693498	0.006027	0.06039	1
0.06079	0.0424349833108911	0.000963585372933093	0.003295	0.06083	1
0.0621	0.0327555404244047	0.000929063774892248	0.003335	0.06213	1
0.0634	0.0308867652196038	0.000893765038669214	0.003376	0.06344	1
0.0647	0.0319330657939716	0.000838915021177937	0.003417	0.06474	1
0.06535	0.0353927138174186	0.000848509858986339	0.006114	0.06558	1
0.06601	0.0339274813522873	0.000822089595179981	0.003458	0.06604	1
0.06731	0.030378098383107	0.000773222578769843	0.003499	0.06734	1
0.06861	0.0264357465847594	0.000754328186391189	0.003541	0.06865	1
0.06991	0.0248404937772918	0.000721774339834406	0.003583	0.06995	1
0.07057	0.0273392760592602	0.000707508699525202	0.006208	0.07078	1
0.07122	0.0253235103871224	0.000681020405968611	0.003626	0.07125	1
0.07252	0.026343074896958	0.000657906343961436	0.003668	0.07255	1
0.07382	0.0250453273539908	0.000633704780067371	0.003711	0.07385	1
0.07512	0.0214738563726234	0.000625015413388235	0.003755	0.07515	1
0.07577	0.0234648937214503	0.000608634913675047	0.006307	0.07597	1
0.07642	0.0191552672696002	0.000592435952891622	0.003798	0.07645	1
0.07772	0.0182248463585196	0.000574580830657662	0.003842	0.07775	1
0.07903	0.0153115412976351	0.00054325650271834	0.003886	0.07905	1
0.08033	0.0159553921426583	0.000530304824432198	0.00393	0.08035	1
0.08098	0.0147606256739086	0.000516056486150467	0.006412	0.08116	1
0.08163	0.0134544619132995	0.000507133749861965	0.003974	0.08165	1
0.08293	0.0130937649814791	0.000486268986919954	0.004018	0.08295	1
0.08423	0.0145933600401247	0.00047064451297922	0.004063	0.08425	1
0.08552	0.011499852857167	0.000454358582061072	0.004108	0.08555	1
0.08617	0.013703509743391	0.000443537376993632	0.006522	0.08635	1
0.08682	0.0117520472937786	0.000431285618164861	0.004153	0.08685	1
0.08812	0.0117243653543048	0.000422898357562217	0.004198	0.08815	1
0.08942	0.011481526318837	0.00040314710127273	0.004244	0.08945	1
0.09072	0.00939494422520349	0.000387274947928046	0.004289	0.09074	1
0.09137	0.00998770701266733	0.00038629853214716	0.006637	0.09153	1
0.09202	0.00894497893072098	0.00037132296128804	0.004335	0.09204	1
0.09331	0.00805240113233335	0.000356318717264329	0.004381	0.09334	1
0.09461	0.00784403348592629	0.000344602090202338	0.004427	0.09464	1
0.09591	0.00846959862243479	0.000330277941557146	0.004473	0.09593	1
0.09656	0.00871246093638904	0.000330118642006555	0.006756	0.09671	1
0.0972	0.00689215012609209	0.000317469044639116	0.00452	0.09723	1
0.0985	0.0065737783988753	0.000305804164011187	0.004566	0.09852	1
0.0998	0.00612030984242632	0.000299875127324134	0.004613	0.09982	1
0.1011	0.00571582029222623	0.000286650237520301	0.004659	0.1011	1
0.1017	0.00585271046095932	0.000282076381853553	0.00688	0.1019	1
0.1024	0.00693930661663475	0.000271668220483707	0.004706	0.1024	1
0.1037	0.00637500577988491	0.000268144759773605	0.004753	0.1037	1
0.105	0.0051657213304938	0.000254829219774007	0.0048	0.105	1
0.1063	0.00463605382327534	0.000244670330289204	0.004847	0.1063	1
0.1069	0.00479073943851982	0.000244357863880861	0.007008	0.1071	1
0.1076	0.00422205830292286	0.000234258767170028	0.004894	0.1076	1
0.1089	0.00490957001045484	0.000228280077270226	0.004942	0.1089	1
0.1102	0.00496714614298886	0.000219459538391861	0.004989	0.1102	1
0.1114	0.00379522339709106	0.000208966077929428	0.005037	0.1115	1
0.1121	0.00394046986108951	0.00020856298232998	0.007139	0.1122	1
0.1127	0.00389963036921393	0.000204449691187555	0.005084	0.1128	1
0.114	0.0034763081334596	0.000197246177627659	0.005132	0.114	1
0.1153	0.0033044935756943	0.000189866482760933	0.00518	0.1153	1
0.1166	0.00306878954175251	0.000178914469625201	0.005228	0.1166	1
0.1173	0.0034806337418847	0.000179593906095627	0.007274	0.1174	1
0.1179	0.00293437466914026	0.000173804537692678	0.005276	0.1179	1
0.1192	0.00244873536977558	0.000166092697393531	0.005324	0.1192	1
0.1205	0.00290864205649231	0.000160699174524035	0.005372	0.1205	1
0.1218	0.00243938852196973	0.000151213771389675	0.00542	0.1218	1
0.1224	0.00249538157337104	0.000152793037269164	0.007413	0.1225	1
0.1231	0.00259255757764187	0.000144623888283555	0.005468	0.1231	1
0.1243	0.00192759657082225	0.000138690912928275	0.005516	0.1244	1
0.1256	0.00222936904065063	0.000135087478683369	0.005565	0.1257	1
0.1269	0.00184346063057782	0.000128715842202646	0.005613	0.1269	1
0.1276	0.00211795240496894	0.000127586744964461	0.007554	0.1277	1
0.1282	0.00161498782693305	0.000122503871262052	0.005661	0.1282	1
0.1295	0.00187011361254139	0.000119030560127382	0.00571	0.1295	1
0.1308	0.00148008497278947	0.000112594631753675	0.005758	0.1308	1
0.1321	0.00126141799638814	0.000108056055037937	0.005807	0.1321	1
0.1327	0.00153996522091981	0.000107623773964563	0.007698	0.1328	1
0.1334	0.00141137311197484	0.000103715042570237	0.005856	0.1334	1
0.1346	0.00117269226743584	9.97164086864173e-05	0.005904	0.1347	1
0.1359	0.00104378933569928	9.65275907768284e-05	0.005953	0.1359	1
0.1372	0.00112831536058853	9.20614504664933e-05	0.006002	0.1372	1
0.1379	0.000993133158059462	9.02262463812222e-05	0.007845	0.138	1
0.1385	0.00104830876020467	8.67459197336065e-05	0.006051	0.1385	1
0.1398	0.00102483929242747	8.37204639847656e-05	0.0061	0.1398	1
0.1411	0.000840143785764488	8.0621896059471e-05	0.006149	0.1411	1
0.143	0.000827967575938736	7.61187560849148e-05	0.007995	0.1431	1
0.1481	0.000488351756781021	6.41143328915879e-05	0.008147	0.1482	1
0.1532	0.000364591861679652	5.50261832280453e-05	0.008301	0.1533	1
0.1583	0.000311809029825569	4.59465724920485e-05	0.008457	0.1584	1
0.1634	0.000210712872974352	3.93707719702257e-05	0.008615	0.1635	1
0.1685	0.000143592603946989	3.39409075770937e-05	0.008775	0.1686	1
0.1736	0.000126750277466715	3.00829635389962e-05	0.008937	0.1737	1
0.1787	0.000111027076822782	2.86276994540744e-05	0.0091	0.1787	1
0.1837	0.000133628300137552	2.85998768546202e-05	0.009264	0.1838	1
0.1888	0.000131522765436758	2.94029094416718e-05	0.00943	0.1889	1
0.1938	0.000138716741922982	3.07342270193988e-05	0.009597	0.1939	1
0.1988	0.000151141663481916	3.1897281602589e-05	0.009765	0.1989	1
0.2039	0.00017453053457629	3.35502038543137e-05	0.009933	0.2039	1
0.2089	0.000197917032871626	3.46071059598769e-05	0.0101	0.2089	1
0.2139	0.000182214169562982	3.60641854709897e-05	0.01027	0.2139	1
0.2189	0.000207814583432204	3.80039260885006e-05	0.01045	0.2189	1
0.2238	0.000257324600499033	3.88497474025682e-05	0.01062	0.2239	1
0.2288	0.000247895084107733	3.90508583565689e-05	0.01079	0.2289	1
0.2338	0.000281041609118974	3.93713336909948e-05	0.01096	0.2338	1
0.2387	0.000248736148492695	3.9160118174388e-05	0.01114	0.2388	1
0.2436	0.000242662825477772	3.88801173676813e-05	0.01131	0.2437	1
0.2485	0.000217201028584292	3.90244480884421e-05	0.01149	0.2486	1
0.2535	0.000235759010995643	3.89480460823982e-05	0.01166	0.2535	1
0.2583	0.000228056732653619	3.82093075669365e-05	0.01184	0.2584	1
0.2632	0.000236504047587533	3.7100623102853e-05	0.01201	0.2633	1
0.2681	0.000232898034686277	3.68244127823572e-05	0.01219	0.2681	1
0.2729	0.000252318256974531	3.56053223421464e-05	0.01236	0.273	1
0.2778	0.000187722703008755	3.48168875052449e-05	0.01254	0.2778	1
0.2826	0.000180353430179712	3.36153028483809e-05	0.01272	0.2826	1
0.2874	0.000183292927758577	3.26336668433745e-05	0.01289	0.2875	1
0.2922	0.000188333010523492	3.18752731376056e-05	0.01307	0.2923	1
0.297	0.000182106069512201	3.07700765991376e-05	0.01325	0.297	1
0.3018	0.000153162294482836	2.95074884312913e-05	0.01342	0.3018	1
0.3065	0.000146404813525013	2.83591930847737e-05	0.0136	0.3066	1
0.3112	0.000135368368203364	2.77789291601319e-05	0.01377	0.3113	1
0.316	0.000136181007440535	2.69252888586721e-05	0.01395	0.316	1
0.3207	0.000142141590112934	2.58945866909399e-05	0.01413	0.3207	1
0.3254	0.000131136848766726	2.5153370268961e-05	0.0143	0.3254	1
0.33	0.000121415631517963	2.43629727689303e-05	0.01448	0.3301	1
0.3347	0.000129051513898896	2.44364797424271e-05	0.01465	0.3347	1
0.3394	0.000115246359659058	2.34887173743562e-05	0.01483	0.3394	1
0.344	0.000121203299727572	2.33895227753351e-05	0.015	0.344	1
0.3486	9.68420063319503e-05	2.31222107505472e-05	0.01518	0.3486	1
0.3532	0.000115550246372771	2.27446197051235e-05	0.01535	0.3532	1
0.3578	0.000106139100077621	2.24684799156487e-05	0.01552	0.3578	1
0.3623	0.000112637153662257	2.25934874822755e-05	0.0157	0.3624	1
0.3669	8.8046337963577e-05	2.24245415868721e-05	0.01587	0.3669	1
0.3714	0.000111592608665186	2.2489389979483e-05	0.01604	0.3715	1
0.3759	9.20553465886699e-05	2.24981030178543e-05	0.01621	0.376	1
0.3804	0.000120671649489701	2.21214054756069e-05	0.01639	0.3805	1
0.3849	9.80276888707802e-05	2.21029603463794e-05	0.01656	0.385	1
0.3894	0.000111552794363004	2.2184734091974e-05	0.01673	0.3894	1
0.3938	0.00010872236229793	2.203698612386e-05	0.0169	0.3939	1
0.3983	0.000122625041397261	2.25374216401943e-05	0.01707	0.3983	1
0.4027	0.000128352497916045	2.23765623012161e-05	0.01724	0.4027	1
0.4071	0.000114672475891428	2.20820173040434e-05	0.01741	0.4071	1
0.4115	9.71484110665375e-05	2.23629013336317e-05	0.01758	0.4115	1
0.4158	0.000110232577355859	2.22124438065954e-05	0.01775	0.4159	1
0.4202	0.000100527649690123	2.25466951593829e-05	0.01791	0.4202	1
0.4245	0.000101996426182906	2.23681492774698e-05	0.01808	0.4245	1
0.4288	0.000126761647001063	2.25476340450386e-05	0.01825	0.4288	1
0.4331	0.000126107601309488	2.20567148187032e-05	0.01841	0.4331	1
0.4374	0.000122827395720546	2.21165136283736e-05	0.01858	0.4374	1
0.4416	0.000119998155464566	2.22376411116775e-05	0.01874	0.4417	1
0.4459	0.000121605637293463	2.18091502599028e-05	0.01891	0.4459	1
0.4501	0.000111942504411792	2.20194381015075e-05	0.01907	0.4501	1
0.4543	0.000115213793072032	2.17278664749429e-05	0.01924	0.4543	1
0.4585	0.000102330375620008	2.15078762451061e-05	0.0194	0.4585	1
0.4627	0.000124062877687921	2.13132789029419e-05	0.01956	0.4627	1
0.4668	0.000108396440107962	2.12295232104869e-05	0.01972	0.4668	1
0.4709	0.000124505837282524	2.06931912350214e-05	0.01988	0.471	1
0.4751	0.000114597391318865	2.1074320038461e-05	0.02004	0.4751	1
0.4792	0.000113056444110031	2.05812253087204e-05	0.0202	0.4792	1
0.4832	9.83542780266584e-05	2.04188873576154e-05	0.02036	0.4833	1
0.4873	0.000113586081955515	2.03866621421294e-05	0.02052	0.4873	1
0.4913	9.07840344046417e-05	1.99447103403205e-05	0.02068	0.4913	1
0.4954	9.08893322582381e-05	1.98009649770033e-05	0.02084	0.4954	1
0.4994	0.000111719104654869	1.9910436858047e-05	0.02099	0.4994	1
0.5033	9.68729245484935e-05	1.966421771352e-05	0.02115	0.5034	1
0.5073	0.000101383760010625	1.96056893535868e-05	0.02131	0.5073	1
0.5113	9.23370017025931e-05	1.92575400444092e-05	0.02146	0.5113	1
0.5152	0.000107578173087269	1.94012462410775e-05	0.02162	0.5152	1
