Sum_Qvals	sum_data	sum_err	Sum_sq	Sum_qb	Sum_fs
0.003797	1.04207930243004	0.0102082285555822	0.00109	0.003945	0.9956
0.004197	1.05628704744573	0.0102775826313668	0.001093	0.004328	1
0.004596	1.01400379475572	0.0100697755424623	0.001096	0.004716	1
0.004996	1.01496623034279	0.0100745532424162	0.0011	0.005106	1
0.005396	1.01910331084929	0.0100950646894871	0.001105	0.005498	1
0.005795	1.04686948326327	0.0102316640057386	0.001111	0.00589	1
0.006195	0.998512705809896	0.00999256076193633	0.001117	0.006284	1
0.006595	1.0105166744218	0.0100524458437825	0.001124	0.006678	1
0.006995	0.995559261888318	0.00997777160436296	0.001131	0.007073	1
0.007394	0.998311962721186	0.00999155624875918	0.00114	0.007468	1
0.007794	0.979231987486703	0.00989561512735162	0.001148	0.007864	1
0.008194	1.01936485631886	0.0100963600189319	0.001157	0.008261	1
0.008593	0.963080886353143	0.00981366845961867	0.001167	0.008657	1
0.008993	0.963876491848647	0.00981772118084766	0.001177	0.009054	1
0.009393	0.998581195415889	0.00999290345903476	0.001187	0.009451	1
0.009792	0.982789562883524	0.00991357434472312	0.001198	0.009848	1
0.01019	0.960223377506017	0.00979909882339196	0.001209	0.01025	1
0.01059	0.950812902120873	0.00975096355300784	0.00122	0.01064	1
0.01099	0.927418274845146	0.00963025583691911	0.001232	0.01104	1
0.01139	0.94668048775883	0.00972975070471402	0.001244	0.01144	1
0.01179	0.969548252330642	0.00984656413339517	0.001257	0.01184	1
0.01219	0.95061506034729	0.00974994902728876	0.00127	0.01224	1
0.01259	0.941736460276336	0.00970431069307004	0.001283	0.01263	1
0.01299	0.905968717899945	0.00951823890170837	0.001296	0.01303	1
0.01339	0.906248281191926	0.00951970735470333	0.00131	0.01343	1
0.01374	0.923840906275219	0.00961166430060486	0.002327	0.01391	1
0.01379	0.901593360093248	0.00949522701199528	0.001324	0.01383	1
0.01419	0.887312512519948	0.00941972670792496	0.001338	0.01423	1
0.01459	0.889580271134847	0.00943175631118005	0.001353	0.01463	1
0.01499	0.911784357926542	0.00954874001073724	0.001367	0.01502	1
0.01505	0.873877215879022	0.00934814000686244	0.002353	0.01521	1
0.01539	0.890549857793105	0.00943689492255321	0.001382	0.01542	1
0.01579	0.846282438963344	0.00919936105913527	0.001397	0.01582	1
0.01619	0.857369431042077	0.0092594245557814	0.001413	0.01622	1
0.01636	0.879378953637373	0.00937752074717712	0.002381	0.0165	1
0.01659	0.865196464056081	0.00930159375621233	0.001429	0.01662	1
0.01699	0.856380054532194	0.0092540804758344	0.001444	0.01702	1
0.01738	0.834533266593051	0.00913527923269481	0.001461	0.01742	1
0.01767	0.809992413938383	0.00899995785511456	0.002411	0.0178	1
0.01778	0.811804958758442	0.00901002196866601	0.001477	0.01782	1
0.01818	0.835987221312397	0.00914323368022713	0.001493	0.01821	1
0.01858	0.820804518098442	0.0090598262571555	0.00151	0.01861	1
0.01898	0.806715441989387	0.00898173391940213	0.002444	0.0191	1
0.01898	0.794992524372497	0.00891623532872758	0.001527	0.01901	1
0.01938	0.784262950237022	0.00885586218409603	0.001544	0.01941	1
0.01978	0.815626078146564	0.0090312019031055	0.001561	0.01981	1
0.02018	0.795177759348442	0.00891727401927541	0.001578	0.02021	1
0.02029	0.768015000444599	0.008763646503851	0.002479	0.0204	1
0.02058	0.794329509096667	0.00891251653068126	0.001596	0.02061	1
0.02098	0.790530015458177	0.00889117548729175	0.001613	0.02101	1
0.02138	0.754810786289916	0.00868798472771399	0.001631	0.02141	1
0.0216	0.764067658837445	0.00874109637767166	0.002515	0.0217	1
0.02178	0.761466465472588	0.00872620459004135	0.001649	0.0218	1
0.02218	0.739043561553091	0.00859676428403787	0.001667	0.0222	1
0.02258	0.733844177320801	0.00856647055280529	0.001685	0.0226	1
0.0229	0.712611976799981	0.00844163477532628	0.002554	0.02301	1
0.02298	0.714513916271656	0.00845289250062756	0.001703	0.023	1
0.02338	0.71355662414879	0.00844722809061522	0.001722	0.0234	1
0.02378	0.693033172315765	0.00832486139413603	0.00174	0.0238	1
0.02418	0.695838542662164	0.00834169372886684	0.001759	0.0242	1
0.02421	0.711880675429197	0.00843730214837182	0.002594	0.02431	1
0.02458	0.689242010927619	0.00830206005114164	0.001778	0.0246	1
0.02498	0.678118830447923	0.00823479708582988	0.001797	0.025	1
0.02537	0.702266219346685	0.00838013257261891	0.001816	0.0254	1
0.02552	0.674380867488764	0.00821206957769334	0.002636	0.02561	1
0.02577	0.666036507999007	0.00816110597896515	0.001835	0.0258	1
0.02617	0.661044162565763	0.00813046224126134	0.001854	0.02619	1
0.02657	0.663151558812364	0.00814341180840293	0.001873	0.02659	1
0.02683	0.656629263160606	0.00810326639794476	0.00268	0.02692	1
0.02697	0.636978177459939	0.00798109126285334	0.001892	0.02699	1
0.02737	0.657756729533488	0.00811022027773283	0.001912	0.02739	1
0.02777	0.641140881985743	0.00800712733747718	0.001931	0.02779	1
0.02814	0.62977505028552	0.00793583675667236	0.002725	0.02822	1
0.02817	0.640612716050774	0.00800382855920074	0.001951	0.02819	1
0.02857	0.613300177672267	0.00783134840032205	0.001971	0.02859	1
0.02897	0.605856186091948	0.00778367641986708	0.00199	0.02899	1
0.02937	0.612916793544842	0.00782890026469134	0.00201	0.02939	1
0.02944	0.605546079517034	0.00778168413338034	0.002771	0.02952	1
0.02977	0.595157844958369	0.00771464739932013	0.00203	0.02979	1
0.03017	0.584985459158894	0.00764843421334651	0.00205	0.03019	1
0.03057	0.590270960856757	0.00768290935034871	0.00207	0.03058	1
0.03075	0.597554270334092	0.00773016345450788	0.002819	0.03083	1
0.03097	0.594483209709527	0.00771027372866571	0.00209	0.03098	1
0.03137	0.563432099073367	0.00750621142170514	0.00211	0.03138	1
0.03176	0.555154354262464	0.00745086809883563	0.002131	0.03178	1
0.03206	0.55478168466608	0.00744836683217254	0.002868	0.03213	1
0.03216	0.570317930998327	0.00755193969122057	0.002151	0.03218	1
0.03256	0.569242288556547	0.00754481469988857	0.002171	0.03258	1
0.03296	0.538973423259352	0.00734148093547448	0.002192	0.03298	1
0.03336	0.552275055763142	0.00743152108093048	0.002212	0.03338	1
0.03337	0.552813068039558	0.00743513999894796	0.002918	0.03344	1
0.03376	0.526304291171955	0.00725468325409149	0.002233	0.03378	1
0.03416	0.540394325057554	0.00735115178089498	0.002253	0.03418	1
0.03456	0.509647555717713	0.00713896039852942	0.002274	0.03458	1
0.03467	0.517797544457498	0.00719581506472685	0.00297	0.03474	1
0.03496	0.528029503106048	0.00726656385856512	0.002295	0.03497	1
0.03536	0.500085866335896	0.007071674952484	0.002316	0.03537	1
0.03576	0.502821738874586	0.0070909924472854	0.002336	0.03577	1
0.03598	0.497643524691915	0.00705438533602975	0.003022	0.03605	1
0.03616	0.500825001256855	0.00707689904730069	0.002357	0.03617	1
0.03656	0.497936675504389	0.00705646282144524	0.002378	0.03657	1
0.03695	0.493570046099144	0.00702545405008918	0.002399	0.03697	1
0.03729	0.489506920643477	0.00699647711811793	0.003075	0.03735	1
0.03735	0.474875003428995	0.00689111749594356	0.00242	0.03737	1
0.03775	0.490127669888731	0.00700091186838351	0.002441	0.03777	1
0.03815	0.462866285034653	0.00680342770252358	0.002462	0.03817	1
0.03855	0.470196386016688	0.00685708674304685	0.002483	0.03857	1
0.0386	0.466254593194082	0.00682828377554772	0.00313	0.03866	1
0.03895	0.460245011057906	0.0067841359881558	0.002504	0.03896	1
0.03935	0.458282183010583	0.00676965422315337	0.002525	0.03936	1
0.03975	0.463871366049172	0.00681081027521082	0.002547	0.03976	1
0.0399	0.456851268428564	0.00675907736624285	0.003185	0.03996	1
0.04015	0.44309238807834	0.00665651852005491	0.002568	0.04016	1
0.04055	0.459598560573817	0.00677936988645565	0.002589	0.04056	1
0.0407	0.452291526036091	0.00672526227024709	0.004896	0.04092	1
0.04095	0.440583719509082	0.00663764807374632	0.00261	0.04096	1
0.04121	0.445976800102926	0.00667814944504034	0.003241	0.04127	1
0.04134	0.450273452152634	0.00671024181496192	0.002632	0.04136	1
0.04174	0.42724051943714	0.00653636381665786	0.002653	0.04176	1
0.04214	0.440577865828942	0.0066376039790646	0.002675	0.04216	1
0.04252	0.420902670642083	0.006487701215701	0.003298	0.04257	1
0.04254	0.422427231045208	0.00649944021470471	0.002696	0.04255	1
0.04294	0.4146702281921	0.00643948932907028	0.002717	0.04295	1
0.04334	0.415568451878427	0.00644645989577557	0.002739	0.04335	1
0.04374	0.417587767525184	0.00646210312147047	0.00276	0.04375	1
0.04382	0.4199914409715	0.00648067466373294	0.003356	0.04388	1
0.04457	0.409383303277973	0.00639830683288926	0.005008	0.04478	1
0.04513	0.397524311838257	0.00630495290893006	0.003414	0.04518	1
0.04644	0.399422324923749	0.00631998674780058	0.003473	0.04649	1
0.04774	0.38880500177625	0.00623542301513097	0.003533	0.04779	1
0.04844	0.390989749208946	0.00625291731281445	0.005127	0.04863	1
0.04905	0.375540472214352	0.00612813570520719	0.003593	0.04909	1
0.05035	0.359748136423005	0.0059979007696277	0.003654	0.0504	1
0.05166	0.362012146821977	0.00601674452525597	0.003716	0.0517	1
0.05231	0.353837088053231	0.00594842069841425	0.005254	0.05248	1
0.05296	0.34737766617391	0.00589387534796852	0.003778	0.05301	1
0.05427	0.358020161278245	0.00598347859759058	0.00384	0.05431	1
0.05557	0.343378877831009	0.00585985390458678	0.003903	0.05562	1
0.05618	0.352319117587821	0.00593564754334202	0.005387	0.05634	1
0.05688	0.339095377534509	0.00582318965460089	0.003967	0.05692	1
0.05818	0.344567292271876	0.00586998545374582	0.004031	0.05822	1
0.05949	0.333332031597575	0.00577349141852289	0.004095	0.05953	1
0.06004	0.323939813558263	0.00569157107974822	0.005526	0.06019	1
0.06079	0.337792850786436	0.00581199493105798	0.00416	0.06083	1
0.0621	0.333799701326787	0.00577754014548395	0.004225	0.06213	1
0.0634	0.33528707307007	0.00579039785394812	0.00429	0.06344	1
0.06391	0.322623505419125	0.00567999564629345	0.005671	0.06405	1
0.0647	0.317881957582797	0.00563810214152597	0.004356	0.06474	1
0.06601	0.331384142255142	0.00575659745209913	0.004422	0.06604	1
0.06731	0.322740842723676	0.0056810284519942	0.004488	0.06734	1
0.06777	0.329816454808698	0.00574296486850388	0.005821	0.0679	1
0.06861	0.329521510664058	0.00574039642066694	0.004555	0.06865	1
0.06991	0.328101657716475	0.00572801586691653	0.004622	0.06995	1
0.07122	0.315762643460334	0.00561927614075278	0.004689	0.07125	1
0.07163	0.316694203997773	0.00562755900900002	0.005975	0.07175	1
0.07252	0.312957843884534	0.00559426352511691	0.004756	0.07255	1
0.07382	0.329378210453328	0.00573914811146505	0.004824	0.07385	1
0.07512	0.315512382077314	0.00561704888778185	0.004892	0.07515	1
0.07548	0.322566894304361	0.00567949728677073	0.006134	0.0756	1
0.07642	0.322952216102603	0.00568288849180241	0.00496	0.07645	1
0.07772	0.332796844239369	0.00576885468909877	0.005029	0.07775	1
0.07903	0.32994364829047	0.00574407214692216	0.005097	0.07905	1
0.07934	0.332877313735814	0.00576955209471076	0.006297	0.07945	1
0.08033	0.318372589598348	0.00564245150265687	0.005166	0.08035	1
0.08163	0.322492257014446	0.00567884017220458	0.005235	0.08165	1
0.08293	0.332368982981418	0.00576514512377111	0.005304	0.08295	1
0.08319	0.337863736736894	0.00581260472367504	0.006463	0.0833	1
0.08423	0.324068623682142	0.00569270255399087	0.005373	0.08425	1
0.08552	0.331209701336851	0.00575508211354843	0.005443	0.08555	1
0.08682	0.329990667726434	0.0057444814189484	0.005512	0.08685	1
0.08704	0.320449986838683	0.00566083021153861	0.006633	0.08714	1
0.08812	0.339941059475662	0.00583044646211302	0.005582	0.08815	1
0.08942	0.338923740072829	0.00582171572711026	0.005652	0.08945	1
0.09072	0.324961093949209	0.00570053588664442	0.005722	0.09074	1
0.09089	0.332370678432655	0.00576515982807637	0.006806	0.09099	1
0.09202	0.334950213344351	0.00578748834421592	0.005792	0.09204	1
0.09331	0.326274930976395	0.00571204806506734	0.005862	0.09334	1
0.09461	0.331841116299766	0.00576056521792581	0.005933	0.09464	1
0.09473	0.336886604866358	0.00580419335365698	0.006981	0.09483	1
0.09591	0.322331072182235	0.00567742082447862	0.006003	0.09593	1
0.0972	0.31725634671571	0.00563255134655433	0.006074	0.09723	1
0.0985	0.333369604593452	0.00577381680167852	0.006144	0.09852	1
0.09857	0.329607886235737	0.00574114871986206	0.00716	0.09866	1
0.0998	0.32176738132444	0.00567245433057368	0.006215	0.09982	1
0.1011	0.321972704889201	0.00567426387198552	0.006286	0.1011	1
0.1024	0.310546621646047	0.00557267100810776	0.00734	0.1025	1
0.1024	0.314076764609906	0.00560425521019435	0.006357	0.1024	1
0.1037	0.321426759881513	0.00566945111877255	0.006428	0.1037	1
0.105	0.31779572156876	0.00563733732863982	0.006499	0.105	1
0.1062	0.316260571330703	0.00562370492941	0.007523	0.1063	1
0.1063	0.31399952674196	0.00560356606762122	0.00657	0.1063	1
0.1076	0.312765317978968	0.00559254251641387	0.006642	0.1076	1
0.1089	0.29669981786694	0.00544701586069785	0.006713	0.1089	1
0.1101	0.294971334856835	0.00543112635515724	0.007708	0.1102	1
0.1102	0.305938048076291	0.0055311666768982	0.006784	0.1102	1
0.1114	0.297726507348181	0.00545643205169992	0.006856	0.1115	1
0.1127	0.297284576557061	0.0054523809162334	0.006928	0.1128	1
0.1139	0.281204859048683	0.00530287524885022	0.007894	0.114	1
0.114	0.278096850943219	0.00527348889202603	0.006999	0.114	1
0.1153	0.280672321204713	0.00529785165142167	0.007071	0.1153	1
0.1166	0.272190515193749	0.00521718808548962	0.007143	0.1166	1
0.1177	0.274238616059099	0.00523677969805013	0.008083	0.1178	1
0.1179	0.273905618825439	0.00523359932384433	0.007214	0.1179	1
0.1192	0.260390026007269	0.0051028426000345	0.007286	0.1192	1
0.1205	0.264234131192539	0.00514037091261456	0.007358	0.1205	1
0.1216	0.254379396180516	0.00504360383238529	0.008272	0.1216	1
0.1218	0.253398101281245	0.00503386632004908	0.00743	0.1218	1
0.1231	0.249939007122308	0.00499939003401723	0.007502	0.1231	1
0.1243	0.247326538679216	0.00497319352809858	0.007574	0.1244	1
0.1254	0.244688985813043	0.00494660475288903	0.008464	0.1254	1
0.1256	0.243320812851272	0.00493275595231785	0.007646	0.1257	1
0.1269	0.233255419951973	0.00482965236794506	0.007718	0.1269	1
0.1282	0.219831845110496	0.00468862288002028	0.00779	0.1282	1
0.1292	0.224558523514454	0.00473876063453783	0.008656	0.1293	1
0.1295	0.213014910063366	0.00461535383327612	0.007862	0.1295	1
0.1308	0.207648393153761	0.00455684532493435	0.007934	0.1308	1
0.1321	0.20657259898439	0.00454502584133897	0.008007	0.1321	1
0.133	0.199342223108738	0.0044647757290679	0.00885	0.1331	1
0.1334	0.20528495069113	0.00453083823029614	0.008079	0.1334	1
0.1346	0.199631609074389	0.00446801532085991	0.008151	0.1347	1
0.1359	0.19677487489614	0.00443593141173464	0.008223	0.1359	1
0.1368	0.18258745924928	0.0042730253831364	0.009045	0.1369	1
0.1372	0.183110090084166	0.00427913647929306	0.008296	0.1372	1
0.1385	0.182678894951697	0.00427409516683587	0.008368	0.1385	1
0.1398	0.1760114867472	0.00419537229274352	0.00844	0.1398	1
0.1406	0.175591171925105	0.00419036003137088	0.009241	0.1407	1
0.1411	0.16855345841036	0.00410552625628384	0.008513	0.1411	1
0.1423	0.166146172427043	0.00407610319333359	0.008585	0.1424	1
0.1444	0.160883814015797	0.00401103246079856	0.009437	0.1445	1
0.1482	0.145794734539391	0.00381830766884219	0.009635	0.1483	1
0.152	0.131861980215295	0.00363128049337001	0.009833	0.152	1
0.1558	0.120736891503762	0.00347472144932169	0.01003	0.1558	1
0.1596	0.112526945332833	0.00335450361950666	0.01023	0.1596	1
0.1633	0.107531807265407	0.00327920428252658	0.01043	0.1634	1
0.1671	0.0977012007452169	0.00312571912917999	0.01063	0.1672	1
0.1709	0.094233597225209	0.00306974913022561	0.01083	0.1709	1
0.1746	0.0900250936102174	0.00300041819768874	0.01104	0.1747	1
0.1784	0.0849661236236868	0.0029148949144641	0.01124	0.1784	1
0.1821	0.0792498715553848	0.00281513537073059	0.01144	0.1822	1
0.1859	0.0786383076654292	0.00280425226514002	0.01164	0.1859	1
0.1896	0.0736919261100666	0.00271462568524772	0.01185	0.1897	1
0.1934	0.076192208796058	0.00276029362199129	0.01205	0.1934	1
0.1971	0.0735136229130658	0.0027113395750637	0.01225	0.1971	1
0.2008	0.0692088094758557	0.00263075672527613	0.01246	0.2008	1
0.2045	0.0693555500687991	0.00263354419117658	0.01266	0.2046	1
0.2082	0.0691865768682173	0.00263033413976661	0.01286	0.2083	1
0.2119	0.0699715300001095	0.00264521322392184	0.01307	0.212	1
0.2156	0.0657598118494905	0.00256436759941882	0.01327	0.2157	1
0.2193	0.0661624913353469	0.00257220705495003	0.01348	0.2194	1
0.223	0.0671704657340665	0.00259172656223735	0.01368	0.2231	1
0.2267	0.0650682935935785	0.00255084875274052	0.01388	0.2267	1
0.2304	0.0635718128815338	0.00252134513467581	0.01409	0.2304	1
0.234	0.0629431587678222	0.0025088475196357	0.01429	0.2341	1
0.2377	0.0623920559264443	0.00249784018556921	0.0145	0.2377	1
0.2414	0.0620872824216234	0.00249173197638958	0.0147	0.2414	1
0.245	0.0643450385188486	0.00253663238406452	0.0149	0.245	1
0.2486	0.0631139849377328	0.00251224968778449	0.01511	0.2487	1
0.2523	0.0617030635974329	0.00248401013680365	0.01531	0.2523	1
0.2559	0.0612401213153989	0.00247467414653725	0.01551	0.2559	1
0.2595	0.0607245388369988	0.00246423494896487	0.01571	0.2596	1
0.2631	0.0611720264868227	0.00247329792962398	0.01592	0.2632	1
0.2667	0.0593914684916571	0.00243703648909197	0.01612	0.2668	1
0.2703	0.0619543003614671	0.00248906207960885	0.01632	0.2704	1
0.2739	0.0613949627791888	0.00247780069374413	0.01652	0.274	1
0.2775	0.0588550155044241	0.00242600526595521	0.01673	0.2775	1
0.2811	0.0584137184553773	0.00241689301491351	0.01693	0.2811	1
0.2847	0.0609632629098935	0.00246907397438581	0.01713	0.2847	1
0.2882	0.0598534677313417	0.00244649683693525	0.01733	0.2882	1
0.2918	0.0584239736095631	0.00241710516133583	0.01753	0.2918	1
0.2953	0.0591776304249518	0.00243264527675022	0.01773	0.2953	1
0.2988	0.057665956687751	0.00240137370452312	0.01793	0.2989	1
0.3024	0.0569727174147958	0.00238689583800374	0.01813	0.3024	1
0.3059	0.0577032827145436	0.0024021507595183	0.01833	0.3059	1
0.3094	0.0599286217417049	0.00244803230660269	0.01853	0.3094	1
0.3129	0.0570845994988824	0.00238923836188193	0.01873	0.3129	1
0.3164	0.0575922424108666	0.00239983837811771	0.01893	0.3164	1
0.3199	0.0577012965614576	0.00240210941802112	0.01912	0.3199	1
0.3234	0.0591105048992838	0.00243126520353671	0.01932	0.3234	1
0.3268	0.058902316603001	0.00242697994641491	0.01952	0.3269	1
0.3303	0.056961263046219	0.00238665588315993	0.01972	0.3303	1
0.3338	0.0564759846964271	0.00237646764540204	0.01991	0.3338	1
0.3372	0.0581744250359732	0.00241193749993596	0.02011	0.3372	1
0.3406	0.0559847070845141	0.00236610876936193	0.0203	0.3407	1
0.3441	0.0551236317062129	0.00234784223716614	0.0205	0.3441	1
0.3475	0.0567910577378573	0.0023830874456859	0.0207	0.3475	1
0.3509	0.0569798863422873	0.0023870460058886	0.02089	0.3509	1
0.3543	0.056737309480126	0.0023819594765681	0.02108	0.3543	1
0.3577	0.0560373523203058	0.00236722099349228	0.02128	0.3577	1
0.3611	0.0569790312635728	0.00238702809500795	0.02147	0.3611	1
0.3645	0.0542616622141118	0.00232941327836242	0.02166	0.3645	1
0.3678	0.0565327085405029	0.00237766079457317	0.02186	0.3678	1
0.3712	0.0571538556398938	0.00239068725767077	0.02205	0.3712	1
0.3745	0.0567775408601955	0.00238280382868996	0.02224	0.3745	1
0.3779	0.0559818179532065	0.00236604771619692	0.02243	0.3779	1
0.3812	0.0559929220202735	0.00236628235889704	0.02262	0.3812	1
0.3845	0.0561457872730692	0.00236951022941597	0.02281	0.3845	1
0.3878	0.0555739894689338	0.00235741361387716	0.023	0.3878	1
0.3911	0.0544026003982866	0.00233243650285033	0.02319	0.3911	1
0.3944	0.0553916073084013	0.00235354216678608	0.02338	0.3944	1
0.3977	0.0541035236069551	0.00232601641453699	0.02357	0.3977	1
0.401	0.0556869961565772	0.00235980923289526	0.02375	0.401	1
